alpha:0.1,beta:0.1
-----topic:0-----
director:0.0101215611004
performance:0.00781829814459
de:0.00730646193218
best:0.00545105566219
work:0.00442738323736
actor:0.00404350607806
year:0.00333973128599
script:0.00321177223289
directed:0.00301983365323
well:0.00301983365323
-----topic:1-----
story:0.0078853046595
more:0.00587656071527
life:0.00567962503446
love:0.00540391508133
make:0.00512820512821
work:0.00434046240498
character:0.00394659104337
world:0.00382842963488
tale:0.00374965536256
documentary:0.00339517113711
-----topic:2-----
character:0.0103413576902
comedy:0.00770957504451
story:0.00627757566375
performance:0.00561963000232
more:0.00511649508476
cast:0.00488427896896
funny:0.00480687359703
good:0.00457465748123
never:0.0044972521093
make:0.00430373867946
-----topic:3-----
more:0.00973405628712
action:0.00624838626388
comedy:0.00500043032963
good:0.00435493588088
bad:0.00413977106464
even:0.00409673810139
much:0.00370944143214
feel:0.00370944143214
funny:0.00362337550564
little:0.00362337550564
-----topic:4-----
time:0.00977924634421
out:0.00707255343082
more:0.00651012373453
make:0.00622890888639
thing:0.0060531496063
even:0.00584223847019
much:0.00524465691789
see:0.00517435320585
good:0.00513920134983
way:0.0050688976378
